solve_geneticAlgorithm             
Rating: -15
1 1 0 0 0 0 0 1 0 0 
1 1 1 0 1 0 1 1 0 0 
1 1 1 0 0 1 1 1 0 1 
1 1 1 1 1 1 1 1 1 1 
0 1 1 1 0 0 0 1 1 1 
0 0 0 1 0 0 0 0 0 0 
0 0 0 0 0 0 0 0 1 1 
1 1 1 0 0 0 1 0 0 0 
1 1 1 0 0 0 0 0 0 0 
1 1 1 1 0 0 0 0 0 0 

solve_geneticAlgorithm             
Rating: -27
0 0 0 0 0 1 1 0 0 1 
1 1 1 0 0 1 1 0 0 1 
1 1 0 1 1 1 1 0 0 1 
1 1 1 1 0 0 0 0 1 0 
1 1 1 1 0 0 0 0 1 1 
1 1 1 0 0 0 0 0 0 0 
0 1 1 0 0 0 0 0 0 0 
0 1 1 1 0 0 1 1 1 0 
0 0 1 1 1 0 0 0 0 0 
1 1 1 1 1 0 0 0 0 0 

solve_geneticAlgorithm             
Rating: -19
0 0 1 0 1 1 0 0 0 0 
1 1 1 0 0 1 1 0 0 1 
1 0 1 0 0 1 1 1 1 1 
1 1 1 1 1 1 1 1 1 1 
1 1 0 0 0 1 1 1 1 0 
1 1 0 0 0 0 0 0 0 0 
1 1 0 0 0 0 0 0 0 0 
0 1 1 1 0 0 1 0 0 0 
0 1 1 1 0 0 0 0 0 0 
1 1 1 1 0 0 0 0 0 1 

solve_geneticAlgorithm             
Rating: -19
0 1 1 0 1 0 0 0 0 0 
1 1 1 0 0 0 1 0 1 1 
1 1 1 1 0 0 1 0 1 1 
1 1 1 1 1 1 1 0 0 0 
1 1 1 1 1 1 0 1 0 0 
0 0 0 0 0 1 1 1 0 0 
0 0 0 0 0 1 1 1 0 0 
0 0 0 0 0 1 1 1 0 1 
0 0 0 0 0 0 0 1 1 1 
1 1 1 1 0 0 0 0 0 0 

solve_geneticAlgorithm             
Rating: -47
1 1 0 0 0 0 1 0 0 0 
1 0 1 1 1 1 0 1 0 0 
1 1 1 1 1 1 0 1 0 0 
0 1 1 0 1 1 1 1 1 0 
0 1 1 1 0 1 1 1 1 1 
0 1 0 0 0 1 1 0 0 0 
1 1 1 0 0 0 0 0 0 0 
1 1 0 0 1 1 0 0 1 0 
1 1 1 0 0 0 0 0 0 0 
1 1 1 1 0 0 0 0 0 0 

solve_geneticAlgorithm             
Rating: -56
0 1 1 0 0 0 0 0 0 1 
0 1 1 0 1 1 1 0 0 0 
1 1 0 1 0 1 1 0 0 0 
1 1 1 1 1 1 1 1 1 1 
1 1 1 1 1 1 0 1 1 1 
0 0 1 0 1 1 0 0 1 1 
0 0 1 0 0 0 0 0 0 1 
0 1 1 1 0 0 0 0 1 0 
1 0 1 0 0 0 1 0 0 0 
1 1 0 0 0 0 1 0 0 0 

solve_geneticAlgorithm             
Rating: -58
1 1 0 1 0 0 0 0 0 0 
0 0 1 1 1 0 0 1 0 1 
0 0 1 0 0 0 1 1 0 1 
0 1 1 0 0 0 1 1 0 0 
0 1 1 0 0 0 1 1 0 0 
0 0 0 0 0 0 0 1 1 1 
0 1 1 0 0 0 1 1 1 1 
1 1 1 1 0 0 0 0 1 0 
1 1 1 1 0 0 0 0 0 0 
0 0 0 0 1 1 1 1 1 0 

